element0             : 172, 143, 121, 255   : 0.6745, 0.5608, 0.4745, 1.0000
element1             : 206, 102, 50, 255    : 0.8078, 0.4000, 0.1961, 1.0000
element2             : 129, 174, 209, 255   : 0.5059, 0.6824, 0.8196, 1.0000
element3             : 51, 178, 155, 255    : 0.2000, 0.6980, 0.6078, 1.0000
element4             : 208, 176, 72, 255    : 0.8157, 0.6902, 0.2824, 1.0000
element5             : 178, 215, 229, 255   : 0.6980, 0.8431, 0.8980, 1.0000
element6             : 81, 64, 83, 255      : 0.3176, 0.2510, 0.3255, 1.0000
element7             : 140, 24, 33, 255     : 0.5490, 0.0941, 0.1294, 1.0000
element8             : 48, 56, 80, 255      : 0.1882, 0.2196, 0.3137, 1.0000
ruby                 : 194, 55, 65, 255     : 0.7608, 0.2157, 0.2549, 1.0000
emerald              : 80, 200, 120, 255    : 0.3137, 0.7843, 0.4706, 1.0000
sapphire             : 15, 82, 186, 255     : 0.0588, 0.3216, 0.7294, 1.0000
heliodor             : 236, 233, 162, 255   : 0.9255, 0.9137, 0.6353, 1.0000
gray1                : 236, 236, 236, 255   : 0.9255, 0.9255, 0.9255, 1.0000
gray2                : 226, 226, 226, 255   : 0.8863, 0.8863, 0.8863, 1.0000
gray3                : 215, 215, 215, 255   : 0.8431, 0.8431, 0.8431, 1.0000
gray4                : 205, 205, 205, 255   : 0.8039, 0.8039, 0.8039, 1.0000
gray5                : 194, 194, 194, 255   : 0.7608, 0.7608, 0.7608, 1.0000
gray6                : 183, 183, 183, 255   : 0.7176, 0.7176, 0.7176, 1.0000
gray7                : 172, 172, 172, 255   : 0.6745, 0.6745, 0.6745, 1.0000
gray8                : 161, 161, 161, 255   : 0.6314, 0.6314, 0.6314, 1.0000
gray9                : 149, 149, 149, 255   : 0.5843, 0.5843, 0.5843, 1.0000
gray10               : 137, 137, 137, 255   : 0.5373, 0.5373, 0.5373, 1.0000
gray11               : 125, 125, 125, 255   : 0.4902, 0.4902, 0.4902, 1.0000
gray12               : 112, 112, 112, 255   : 0.4392, 0.4392, 0.4392, 1.0000
gray13               : 99, 99, 99, 255      : 0.3882, 0.3882, 0.3882, 1.0000
gray14               : 85, 85, 85, 255      : 0.3333, 0.3333, 0.3333, 1.0000
gray15               : 70, 70, 70, 255      : 0.2745, 0.2745, 0.2745, 1.0000
gray16               : 54, 54, 54, 255      : 0.2118, 0.2118, 0.2118, 1.0000
gray17               : 37, 37, 37, 255      : 0.1451, 0.1451, 0.1451, 1.0000
gray18               : 17, 17, 17, 255      : 0.0667, 0.0667, 0.0667, 1.0000
merio_purple         : 162, 0, 255, 255     : 0.6353, 0.0000, 1.0000, 1.0000
merio_magenta        : 255, 0, 151, 255     : 1.0000, 0.0000, 0.5922, 1.0000
merio_teal           : 0, 171, 169, 255     : 0.0000, 0.6706, 0.6627, 1.0000
merio_lime           : 140, 191, 38, 255    : 0.5490, 0.7490, 0.1490, 1.0000
merio_brown          : 160, 80, 0, 255      : 0.6275, 0.3137, 0.0000, 1.0000
merio_pink           : 230, 113, 184, 255   : 0.9020, 0.4431, 0.7216, 1.0000
merio_orange         : 240, 150, 9, 255     : 0.9412, 0.5882, 0.0353, 1.0000
merio_blue           : 27, 161, 226, 255    : 0.1059, 0.6314, 0.8863, 1.0000
merio_red            : 229, 20, 0, 255      : 0.8980, 0.0784, 0.0000, 1.0000
merio_green          : 51, 153, 51, 255     : 0.2000, 0.6000, 0.2000, 1.0000
droid_blue_light     : 51, 181, 229, 255    : 0.2000, 0.7098, 0.8980, 1.0000
droid_purple_light   : 170, 102, 204, 255   : 0.6667, 0.4000, 0.8000, 1.0000
droid_green_light    : 153, 204, 0, 255     : 0.6000, 0.8000, 0.0000, 1.0000
droid_yellow_light   : 255, 187, 51, 255    : 1.0000, 0.7333, 0.2000, 1.0000
droid_red_light      : 255, 68, 68, 255     : 1.0000, 0.2667, 0.2667, 1.0000
droid_blue           : 0, 153, 204, 255     : 0.0000, 0.6000, 0.8000, 1.0000
droid_purple         : 153, 51, 204, 255    : 0.6000, 0.2000, 0.8000, 1.0000
droid_green          : 102, 153, 0, 255     : 0.4000, 0.6000, 0.0000, 1.0000
droid_yellow         : 255, 136, 0, 255     : 1.0000, 0.5333, 0.0000, 1.0000
droid_red            : 204, 0, 0, 255       : 0.8000, 0.0000, 0.0000, 1.0000
droid_dark           : 34, 34, 34, 255      : 0.1333, 0.1333, 0.1333, 1.0000
droid_light          : 221, 221, 221, 255   : 0.8667, 0.8667, 0.8667, 1.0000
droid_dark_ui_enb    : 30, 30, 30, 255      : 0.1176, 0.1176, 0.1176, 1.0000
droid_dark_ui_dis    : 15, 15, 15, 255      : 0.0588, 0.0588, 0.0588, 1.0000
droid_light_ui_enb   : 204, 204, 204, 255   : 0.8000, 0.8000, 0.8000, 1.0000
droid_light_ui_dis   : 76, 76, 76, 255      : 0.2980, 0.2980, 0.2980, 1.0000
black-half           : 0, 0, 0, 127         : 0.0000, 0.0000, 0.0000, 0.4980
white-half           : 255, 255, 255, 127   : 1.0000, 1.0000, 1.0000, 0.4980
_droid_dark_ui_enb   : 51, 51, 51, 153      : 0.2000, 0.2000, 0.2000, 0.6000
_droid_dark_ui_dis   : 51, 51, 51, 76       : 0.2000, 0.2000, 0.2000, 0.2980
_droid_light_ui_enb  : 255, 255, 255, 204   : 1.0000, 1.0000, 1.0000, 0.8000
_droid_light_ui_dis  : 255, 255, 255, 76    : 1.0000, 1.0000, 1.0000, 0.2980
clay                 : 39, 40, 34, 255      : 0.1529, 0.1569, 0.1333, 1.0000
clay-light           : 71, 72, 66, 255      : 0.2784, 0.2824, 0.2588, 1.0000
sys1_orange          : 241, 194, 80, 255    : 0.9451, 0.7608, 0.3137, 1.0000
sys1_blue            : 18, 94, 128, 255     : 0.0706, 0.3686, 0.5020, 1.0000
sys1_green           : 0, 113, 61, 255      : 0.0000, 0.4431, 0.2392, 1.0000
sys1_red             : 141, 6, 22, 255      : 0.5529, 0.0235, 0.0863, 1.0000
sys2_orange          : 224, 184, 96, 255    : 0.8784, 0.7216, 0.3765, 1.0000
sys2_blue            : 68, 88, 129, 255     : 0.2667, 0.3451, 0.5059, 1.0000
sys2_green           : 62, 107, 46, 255     : 0.2431, 0.4196, 0.1804, 1.0000
sys2_red             : 154, 63, 37, 255     : 0.6039, 0.2471, 0.1451, 1.0000
sys3_red             : 237, 119, 119, 255   : 0.9294, 0.4667, 0.4667, 1.0000
sys3_green           : 188, 223, 138, 255   : 0.7373, 0.8745, 0.5412, 1.0000
sys3_blue            : 148, 192, 204, 255   : 0.5804, 0.7529, 0.8000, 1.0000
sys3_yellow          : 245, 249, 173, 255   : 0.9608, 0.9765, 0.6784, 1.0000
sys3_orange          : 250, 212, 139, 255   : 0.9804, 0.8314, 0.5451, 1.0000
sys4_red             : 255, 148, 148, 255   : 1.0000, 0.5804, 0.5804, 1.0000
sys4_green           : 148, 255, 166, 255   : 0.5804, 1.0000, 0.6510, 1.0000
sys4_blue            : 148, 214, 255, 255   : 0.5804, 0.8392, 1.0000, 1.0000
sys4_yellow          : 255, 251, 148, 255   : 1.0000, 0.9843, 0.5804, 1.0000
sys4_orange          : 255, 206, 131, 255   : 1.0000, 0.8078, 0.5137, 1.0000
pkmn-normal1         : 58, 51, 44, 255      : 0.2275, 0.2000, 0.1725, 1.0000
pkmn-normal2         : 114, 97, 82, 255     : 0.4471, 0.3804, 0.3216, 1.0000
pkmn-normal3         : 172, 168, 136, 255   : 0.6745, 0.6588, 0.5333, 1.0000
pkmn-normal4         : 220, 216, 201, 255   : 0.8627, 0.8471, 0.7882, 1.0000
pkmn-grass1          : 40, 61, 18, 255      : 0.1569, 0.2392, 0.0706, 1.0000
pkmn-grass2          : 68, 117, 28, 255     : 0.2667, 0.4588, 0.1098, 1.0000
pkmn-grass3          : 111, 199, 88, 255    : 0.4353, 0.7804, 0.3451, 1.0000
pkmn-grass4          : 215, 237, 192, 255   : 0.8431, 0.9294, 0.7529, 1.0000
pkmn-water1          : 18, 34, 56, 255      : 0.0706, 0.1333, 0.2196, 1.0000
pkmn-water2          : 41, 74, 124, 255     : 0.1608, 0.2902, 0.4863, 1.0000
pkmn-water3          : 96, 138, 202, 255    : 0.3765, 0.5412, 0.7922, 1.0000
pkmn-water4          : 188, 207, 233, 255   : 0.7373, 0.8118, 0.9137, 1.0000
pkmn-fire1           : 57, 27, 13, 255      : 0.2235, 0.1059, 0.0510, 1.0000
pkmn-fire2           : 153, 70, 34, 255     : 0.6000, 0.2745, 0.1333, 1.0000
pkmn-fire3           : 210, 136, 53, 255    : 0.8235, 0.5333, 0.2078, 1.0000
pkmn-fire4           : 228, 201, 135, 255   : 0.8941, 0.7882, 0.5294, 1.0000
pkmn-bug1            : 49, 56, 16, 255      : 0.1922, 0.2196, 0.0627, 1.0000
pkmn-bug2            : 90, 104, 28, 255     : 0.3529, 0.4078, 0.1098, 1.0000
pkmn-bug3            : 160, 184, 52, 255    : 0.6275, 0.7216, 0.2039, 1.0000
pkmn-bug4            : 214, 226, 154, 255   : 0.8392, 0.8863, 0.6039, 1.0000
pkmn-rock1           : 56, 33, 16, 255      : 0.2196, 0.1294, 0.0627, 1.0000
pkmn-rock2           : 105, 63, 31, 255     : 0.4118, 0.2471, 0.1216, 1.0000
pkmn-rock3           : 163, 104, 69, 255    : 0.6392, 0.4078, 0.2706, 1.0000
pkmn-rock4           : 219, 190, 164, 255   : 0.8588, 0.7451, 0.6431, 1.0000
pkmn-ground1         : 40, 35, 2, 255       : 0.1569, 0.1373, 0.0078, 1.0000
pkmn-ground2         : 105, 91, 35, 255     : 0.4118, 0.3569, 0.1373, 1.0000
pkmn-ground3         : 184, 159, 61, 255    : 0.7216, 0.6235, 0.2392, 1.0000
pkmn-ground4         : 227, 215, 174, 255   : 0.8902, 0.8431, 0.6824, 1.0000
pkmn-electric1       : 52, 45, 3, 255       : 0.2039, 0.1765, 0.0118, 1.0000
pkmn-electric2       : 133, 115, 10, 255    : 0.5216, 0.4510, 0.0392, 1.0000
pkmn-electric3       : 233, 201, 18, 255    : 0.9137, 0.7882, 0.0706, 1.0000
pkmn-electric4       : 250, 239, 180, 255   : 0.9804, 0.9373, 0.7059, 1.0000
pkmn-flying1         : 19, 55, 45, 255      : 0.0745, 0.2157, 0.1765, 1.0000
pkmn-flying2         : 52, 146, 118, 255    : 0.2039, 0.5725, 0.4627, 1.0000
pkmn-flying3         : 91, 196, 165, 255    : 0.3569, 0.7686, 0.6471, 1.0000
pkmn-flying4         : 201, 237, 227, 255   : 0.7882, 0.9294, 0.8902, 1.0000
pkmn-poison1         : 30, 21, 38, 255      : 0.1176, 0.0824, 0.1490, 1.0000
pkmn-poison2         : 79, 55, 100, 255     : 0.3098, 0.2157, 0.3922, 1.0000
pkmn-poison3         : 132, 94, 166, 255    : 0.5176, 0.3686, 0.6510, 1.0000
pkmn-poison4         : 201, 184, 216, 255   : 0.7882, 0.7216, 0.8471, 1.0000
pkmn-psychic1        : 61, 20, 40, 255      : 0.2392, 0.0784, 0.1569, 1.0000
pkmn-psychic2        : 133, 44, 86, 255     : 0.5216, 0.1725, 0.3373, 1.0000
pkmn-psychic3        : 199, 88, 140, 255    : 0.7804, 0.3451, 0.5490, 1.0000
pkmn-psychic4        : 231, 182, 205, 255   : 0.9059, 0.7137, 0.8039, 1.0000
pkmn-fight1          : 62, 24, 19, 255      : 0.2431, 0.0941, 0.0745, 1.0000
pkmn-fight2          : 105, 38, 31, 255     : 0.4118, 0.1490, 0.1216, 1.0000
pkmn-fight3          : 177, 65, 52, 255     : 0.6941, 0.2549, 0.2039, 1.0000
pkmn-fight4          : 227, 170, 159, 255   : 0.8902, 0.6667, 0.6235, 1.0000
pkmn-ghost1          : 18, 15, 21, 255      : 0.0706, 0.0588, 0.0824, 1.0000
pkmn-ghost2          : 41, 34, 49, 255      : 0.1608, 0.1333, 0.1922, 1.0000
pkmn-ghost3          : 64, 52, 78, 255      : 0.2510, 0.2039, 0.3059, 1.0000
pkmn-ghost4          : 147, 128, 170, 255   : 0.5765, 0.5020, 0.6667, 1.0000
pkmn-ice1            : 19, 54, 55, 255      : 0.0745, 0.2118, 0.2157, 1.0000
pkmn-ice2            : 45, 132, 134, 255    : 0.1765, 0.5176, 0.5255, 1.0000
pkmn-ice3            : 132, 208, 213, 255   : 0.5176, 0.8157, 0.8353, 1.0000
pkmn-ice4            : 210, 239, 240, 255   : 0.8235, 0.9373, 0.9412, 1.0000
pkmn-steel1          : 35, 41, 44, 255      : 0.1373, 0.1608, 0.1725, 1.0000
pkmn-steel2          : 79, 92, 98, 255      : 0.3098, 0.3608, 0.3843, 1.0000
pkmn-steel3          : 148, 168, 173, 255   : 0.5804, 0.6588, 0.6784, 1.0000
pkmn-steel4          : 224, 227, 228, 255   : 0.8784, 0.8902, 0.8941, 1.0000
pkmn-dark1           : 30, 26, 21, 255      : 0.1176, 0.1020, 0.0824, 1.0000
pkmn-dark2           : 62, 53, 45, 255      : 0.2431, 0.2078, 0.1765, 1.0000
pkmn-dark3           : 100, 88, 74, 255     : 0.3922, 0.3451, 0.2902, 1.0000
pkmn-dark4           : 173, 158, 137, 255   : 0.6784, 0.6196, 0.5373, 1.0000
pkmn-dragon1         : 14, 16, 27, 255      : 0.0549, 0.0627, 0.1059, 1.0000
pkmn-dragon2         : 28, 36, 57, 255      : 0.1098, 0.1412, 0.2235, 1.0000
pkmn-dragon3         : 55, 68, 111, 255     : 0.2157, 0.2667, 0.4353, 1.0000
pkmn-dragon4         : 119, 141, 189, 255   : 0.4667, 0.5529, 0.7412, 1.0000
transparent          : 0, 0, 0, 0           : 0.0000, 0.0000, 0.0000, 0.0000
black                : 0, 0, 0, 255         : 0.0000, 0.0000, 0.0000, 1.0000
white                : 255, 255, 255, 255   : 1.0000, 1.0000, 1.0000, 1.0000
